{
  "rmse": 0.9270159188799145,
  "mae": 0.7395073882400944,
  "r2": 0.16367140770794208
}